1234567890ABCDEFGHIJKLMNOPQRSTUVWXYZ.
0010001110011100001011111011101111101110
0110010001100010011010000100011000110001
0010000010000010101011110100000001010001
0010000100001101001000001111100010001110
0010001000000011111100001100010010010001
0010010000100010001010001100010010010001
1111111111011100001001110011100010001110
0111001110011101111001110111101111111111
1000110001100011000110001100011000010000
1000110011100011000110000100011000010000
0111110101111111111010000100011111111111
0000111001100011000110000100011000010000
1000110001100011000110001100011000010000
0111001110100011111001110111101111110000
0111010001001000000110001100001000110001
1000110001001000000110010100001101111001
1000010001001000000110100100001010110101
1011111111001000000111000100001000110011
1000110001001001000110100100001000110001
1000110001001001000110010100001000110001
0111010001001000111010001111111000110001
0111011110011101111001110111111000110001
1000110001100011000110001001001000110001
1000110001100011000110000001001000110001
1000111110100011111001110001001000110001
1000110000101011000100001001001000110001
1000110000100101000110001001001000101010
0111010000011011000101110001000111000100
1000110001100011111100000000000000000000
1000110001100010000100000000000000000000
1000101010100010001000000000000000000000
1010100100010100010000000000000000000000
1010101010001000100000000000000000000000
1010110001001001000000000000000000000000
0101010001001001111100100000000000000000
